-3.88	0	-5.04	0	-2.94	0	
-3.86	1.4213555727971E-05	-5.02	3.71962329312548E-05	-2.92	2.59721728826095E-06	
-3.84	0	-5	0	-2.9	5.02193186693781E-06	
-3.82	1.32851911569682E-05	-4.98	0.000121683606828537	-2.88	0	
-3.8	6.42200068618554E-06	-4.96	5.04182566234187E-05	-2.86	0	
-3.78	1.86261946822206E-05	-4.94	0.000113735789152687	-2.84	2.26902054015835E-06	
-3.76	1.20050898394493E-05	-4.92	0.000157083887584173	-2.82	0	
-3.74	1.16064111198317E-05	-4.9	0.000151867266633214	-2.8	0	
-3.72	2.24419443559501E-05	-4.88	0.0001615062737005	-2.78	4.10077583533591E-06	
-3.7	5.4241666661174E-06	-4.86	0.0002555063821735	-2.76	0	
-3.68	1.57321042536237E-05	-4.84	0.000274468038594546	-2.74	1.91646593952217E-06	
-3.66	1.01397697248711E-05	-4.82	0.000451100424422815	-2.72	9.26410876083418E-06	
-3.64	9.80303668370339E-06	-4.8	0.000423292714915176	-2.7	7.16516453437938E-06	
-3.62	3.31712019013721E-05	-4.78	0.000409235527516934	-2.68	8.6590194700137E-06	
-3.6	3.20696147846509E-05	-4.76	0.000395645167235215	-2.66	6.69716869812052E-06	
-3.58	1.77169202455245E-05	-4.74	0.00055637255438916	-2.64	9.71214221910646E-06	
-3.56	4.28213913633357E-05	-4.72	0.000728400697720399	-2.62	1.72142855866977E-05	
-3.54	4.13993297453641E-05	-4.7	0.000823385328644938	-2.6	2.42074384751969E-05	
-3.52	2.80171455003912E-05	-4.68	0.000775092951138019	-2.58	2.63289715209088E-05	
-3.5	5.41734403374691E-05	-4.66	0.00129617778185941	-2.56	2.54546089967473E-05	
-3.48	8.23026080265228E-05	-4.64	0.00108670112715249	-2.54	3.82811073568325E-05	
-3.46	8.68029917702425E-05	-4.62	0.000974892880927075	-2.52	3.83316041225166E-05	
-3.44	8.04236581975372E-05	-4.6	0.00117128391569726	-2.5	5.23932559910793E-05	
-3.42	0.000138602920075434	-4.58	0.00114123335332463	-2.48	6.30077895021422E-05	
-3.4	0.000150341504004427	-4.56	0.00139413517661414	-2.46	0.000117053034991874	
-3.38	0.000126390253756137	-4.54	0.00130649244744037	-2.44	9.9308767006955E-05	
-3.36	0.000158850824619161	-4.52	0.00176674807096096	-2.42	0.000119455307844322	
-3.34	0.000197876157478638	-4.5	0.00179309323715487	-2.4	0.000164058145366272	
-3.32	0.00019987074955714	-4.48	0.00184562887654823	-2.38	0.0001732187232949	
-3.3	0.0002677660246703	-4.46	0.00192881786624011	-2.36	0.000229005091426557	
-3.28	0.000274886554008591	-4.44	0.00215809706345024	-2.34	0.000251635275348575	
-3.26	0.000376705242001879	-4.42	0.00218771145163798	-2.32	0.000259308674851003	
-3.24	0.000336755821334478	-4.4	0.00223256273574199	-2.3	0.000335478510569146	
-3.22	0.000395510235343549	-4.38	0.00229095588322545	-2.28	0.000390438961825563	
-3.2	0.000463980246124346	-4.36	0.00246504017481165	-2.26	0.000386845733591755	
-3.18	0.00052295814924008	-4.34	0.00257784386329378	-2.24	0.000475324617485259	
-3.16	0.000640706036929844	-4.32	0.00261770313600678	-2.22	0.000546350249184	
-3.14	0.000691063356072353	-4.3	0.00280094096648378	-2.2	0.000613674230547881	
-3.12	0.000678298396337128	-4.28	0.00288383258019603	-2.18	0.000695278783643745	
-3.1	0.000817254252483607	-4.26	0.00307666099398526	-2.16	0.000815407208273306	
-3.08	0.000965271730192646	-4.24	0.00299939968313238	-2.14	0.000905220683400293	
-3.06	0.00104733696006269	-4.22	0.00320807575231193	-2.12	0.000975388677326523	
-3.04	0.00109619397617257	-4.2	0.0030549686684011	-2.1	0.00110818389303911	
-3.02	0.00121807068786854	-4.18	0.00367388548684643	-2.08	0.00122290968477839	
-3	0.00129904083745267	-4.16	0.00331247530343399	-2.06	0.00135128444336335	
-2.98	0.00133147998519109	-4.14	0.00360225366998247	-2.04	0.00151738605243179	
-2.96	0.00143651052561655	-4.12	0.0036738448669765	-2.02	0.00158062741803494	
-2.94	0.00162177582206059	-4.1	0.00362657380255776	-2	0.00181321976862701	
-2.92	0.00175101134253564	-4.08	0.0037114870722601	-1.98	0.00187196005759326	
-2.9	0.00190780603348565	-4.06	0.00399631961034021	-1.96	0.00212143781007388	
-2.88	0.00204818096224451	-4.04	0.00409108524851049	-1.94	0.00231455733369001	
-2.86	0.0021416745709739	-4.02	0.00426793048406334	-1.92	0.00251842423295658	
-2.84	0.00223050815884729	-4	0.0042889849175577	-1.9	0.0026375340064323	
-2.82	0.00236630989507207	-3.98	0.00455446158325714	-1.88	0.0029231281506585	
-2.8	0.00244910169426734	-3.96	0.00431316024516591	-1.86	0.00316993273614927	
-2.78	0.0026396495981897	-3.94	0.00431102283582271	-1.84	0.00333004243684591	
-2.76	0.00267287863443895	-3.92	0.00455968251199472	-1.82	0.00375893514458029	
-2.74	0.0027717578099679	-3.9	0.00456259054151659	-1.8	0.00400715429303819	
-2.72	0.00291399037972435	-3.88	0.00453043559979184	-1.78	0.0044071165937496	
-2.7	0.00310385203010563	-3.86	0.00467897662680262	-1.76	0.00468892375191365	
-2.68	0.00324882181449844	-3.84	0.0047974415626759	-1.74	0.00502045241759188	
-2.66	0.00336200483029203	-3.82	0.00483423777263453	-1.72	0.00542064616522185	
-2.64	0.00346227618357557	-3.8	0.00472109746642325	-1.7	0.00581023620491449	
-2.62	0.00358019808900287	-3.78	0.00484614650949208	-1.68	0.00618845104526338	
-2.6	0.00380074578395998	-3.76	0.00493774629717714	-1.66	0.00664712444241175	
-2.58	0.00386193530598772	-3.74	0.00496223437453141	-1.64	0.00711935259910215	
-2.56	0.00408893359447571	-3.72	0.0050417666384081	-1.62	0.00762604034470174	
-2.54	0.00418262177420923	-3.7	0.00501445848838472	-1.6	0.00804314103177776	
-2.52	0.00434618605884083	-3.68	0.00502598045520064	-1.58	0.00848682949523199	
-2.5	0.00458149969844657	-3.66	0.00526882812696499	-1.56	0.00907795487694777	
-2.48	0.0046567641422011	-3.64	0.00520238871107581	-1.54	0.00966466607659589	
-2.46	0.00484827948302811	-3.62	0.00520975086775682	-1.52	0.0101638101667953	
-2.44	0.00504325947209217	-3.6	0.0053613632122715	-1.5	0.0107454633085871	
-2.42	0.00522056693380532	-3.58	0.00528793135309326	-1.48	0.0112405232803821	
-2.4	0.00524345612153724	-3.56	0.00538571844067294	-1.46	0.0117886174506685	
-2.38	0.00551594919244348	-3.54	0.00542534383371993	-1.44	0.0124114478390485	
-2.36	0.00574819243548667	-3.52	0.0054460580709034	-1.42	0.0129314350291705	
-2.34	0.00593764535018196	-3.5	0.00558222498544091	-1.4	0.0134698057978703	
-2.32	0.00615512925244195	-3.48	0.0055818471870065	-1.38	0.0139388772220767	
-2.3	0.00619350524746907	-3.46	0.00546054784172045	-1.36	0.0144899954373775	
-2.28	0.00640893946284186	-3.44	0.00551923038393229	-1.34	0.0149375968530031	
-2.26	0.00653077094104209	-3.42	0.00557922149152425	-1.32	0.0155156308446017	
-2.24	0.00678308737590921	-3.4	0.00567979987851217	-1.3	0.0158691804592938	
-2.22	0.0069370285206851	-3.38	0.00569874492226133	-1.28	0.0162762613427678	
-2.2	0.00713573009145952	-3.36	0.00565943572474072	-1.26	0.0167335808302393	
-2.18	0.00730233850419969	-3.34	0.00556304555142733	-1.24	0.0171188310611726	
-2.16	0.00746128592780177	-3.32	0.00561117867483864	-1.22	0.0174999179471108	
-2.14	0.00747160084728448	-3.3	0.00568156089694243	-1.2	0.0179578840666886	
-2.12	0.00771688322030933	-3.28	0.00582184336077612	-1.18	0.0182530726842575	
-2.1	0.00783211454882612	-3.26	0.00576467077211371	-1.16	0.0187141646510673	
-2.08	0.00806485742579248	-3.24	0.00581902761876145	-1.14	0.0189586596653119	
-2.06	0.00812012120615984	-3.22	0.00576373498425539	-1.12	0.0192494269467825	
-2.04	0.00827527018904653	-3.2	0.00559469820639558	-1.1	0.0195517635087612	
-2.02	0.00849666946442182	-3.18	0.00576494899766368	-1.08	0.0198429949486194	
-2	0.00868655428649744	-3.16	0.0057311343375735	-1.06	0.0200891650723038	
-1.98	0.00889427076464709	-3.14	0.00580284202475769	-1.04	0.0202665890515312	
-1.96	0.00901972439487199	-3.12	0.0057146246054941	-1.02	0.0205567281182105	
-1.94	0.00920701792426051	-3.1	0.00573851494148276	-1	0.0205426859624307	
-1.92	0.00927956368049271	-3.08	0.00582407625110802	-0.98	0.0205615592183543	
-1.9	0.00945057098735575	-3.06	0.00589966390181318	-0.96	0.0205605077499218	
-1.88	0.00964842042519722	-3.04	0.00583049093515911	-0.94	0.0204138631819375	
-1.86	0.00983799155852276	-3.02	0.00585591451161825	-0.92	0.0201611830862594	
-1.84	0.0097212138698554	-3	0.00588733767392475	-0.9	0.0200083822100886	
-1.82	0.010054888578758	-2.98	0.00588825776106574	-0.88	0.0197271380013358	
-1.8	0.010077242739554	-2.96	0.00574779345334768	-0.86	0.0195864090168739	
-1.78	0.010271005522552	-2.94	0.00592689438168993	-0.84	0.0194397778511617	
-1.76	0.0103467259748431	-2.92	0.0059569104064975	-0.82	0.0193428445399801	
-1.74	0.010364881542841	-2.9	0.00592758699078877	-0.8	0.0192772482439979	
-1.72	0.0104761491495081	-2.88	0.00591319018964189	-0.78	0.0190620291233197	
-1.7	0.0105245235949276	-2.86	0.00594651830316431	-0.76	0.0185448534753135	
-1.68	0.0106136299472762	-2.84	0.00595143421611231	-0.74	0.0180508846665002	
-1.66	0.0107132503368732	-2.82	0.00608942630256387	-0.72	0.0174046856746168	
-1.64	0.0109069973479321	-2.8	0.00610440282001102	-0.7	0.0167064025209169	
-1.62	0.0110872235506551	-2.78	0.00618364063479117	-0.68	0.0158323952522177	
-1.6	0.0112589347350064	-2.76	0.00610148760198249	-0.66	0.0148321379506742	
-1.58	0.0114550985678087	-2.74	0.00612560478849172	-0.64	0.0138094583284124	
-1.56	0.0115669025355463	-2.72	0.00626878685032893	-0.62	0.0125360099548113	
-1.54	0.011780477422888	-2.7	0.00621151069331805	-0.6	0.0114018481598539	
-1.52	0.0119437449856889	-2.68	0.00619403504474668	-0.58	0.0106428889560013	
-1.5	0.0120821197106901	-2.66	0.00621961443800124	-0.56	0.00983544331547313	
-1.48	0.0122603292728311	-2.64	0.0062102599365197	-0.54	0.00892678521847119	
-1.46	0.0124662247855675	-2.62	0.00609837561956748	-0.52	0.00797102005359407	
-1.44	0.0126341801493242	-2.6	0.0062497987184755	-0.5	0.0069781046482189	
-1.42	0.0127625748432867	-2.58	0.00628628189255395	-0.48	0.00599278796596627	
-1.4	0.0128965140369531	-2.56	0.00625826287157507	-0.46	0.0050404264184955	
-1.38	0.0130427560673304	-2.54	0.00626102349889077	-0.44	0.00433992952074156	
-1.36	0.0131193833645885	-2.52	0.00623759443940712	-0.42	0.00348865217572166	
-1.34	0.0131226959987385	-2.5	0.00646686858782719	-0.4	0.00254420780058564	
-1.32	0.0132049958987622	-2.48	0.00637914646513359	-0.38	0.00184317565683875	
-1.3	0.0131961114837815	-2.46	0.00639715309514802	-0.36	0.00127065772346069	
-1.28	0.0131246009020913	-2.44	0.0064188501743798	-0.34	0.00083142660039576	
-1.26	0.0131030964087519	-2.42	0.00649590365564969	-0.32	0.000356196236553451	
-1.24	0.0130671832220527	-2.4	0.00655474316111031	-0.3	0.000170362983430502	
-1.22	0.013089680608837	-2.38	0.00662556472046571	-0.28	5.14817129743739E-05	
-1.2	0.01305193679059	-2.36	0.00671590735585748	-0.26	0	
-1.18	0.013075524364965	-2.34	0.00676555414273727			
-1.16	0.0129426863564164	-2.32	0.00677684975521337			
-1.14	0.0128220171161842	-2.3	0.00688986133597074			
-1.12	0.0127139338577988	-2.28	0.00694185182951117			
-1.1	0.01256016414138	-2.26	0.00699721763073146			
-1.08	0.0123349238523063	-2.24	0.00692541567251971			
-1.06	0.0121750129258726	-2.22	0.00700721863455344			
-1.04	0.0120110866909503	-2.2	0.00696020954331044			
-1.02	0.0117499998041384	-2.18	0.00700435326422691			
-1	0.0114656376216739	-2.16	0.00692495227627566			
-0.98	0.011154539423566	-2.14	0.0070548639602165			
-0.96	0.0109128668195654	-2.12	0.00700253044233199			
-0.94	0.0105982317990324	-2.1	0.00694710093273458			
-0.92	0.0102149210995145	-2.08	0.00696993802745878			
-0.9	0.00995084719375629	-2.06	0.00693314102683286			
-0.88	0.00959762130546315	-2.04	0.00687095821191909			
-0.86	0.00920644988032198	-2.02	0.00691318802312829			
-0.84	0.0088340985148975	-2	0.00691395886578328			
-0.82	0.00846362896084822	-1.98	0.00694685779686089			
-0.8	0.00809023928204834	-1.96	0.00691132305900784			
-0.78	0.00777817605617672	-1.94	0.0068596232672109			
-0.76	0.00734073935699624	-1.92	0.0068369289400258			
-0.74	0.00686272006580835	-1.9	0.00687015641906695			
-0.72	0.00637483993173036	-1.88	0.0068539980702846			
-0.7	0.00586433957032484	-1.86	0.00688317896335246			
-0.68	0.0053359600728529	-1.84	0.0068276378525552			
-0.66	0.00485769772278436	-1.82	0.00685431181857904			
-0.64	0.00434329454133979	-1.8	0.00683438436707752			
-0.62	0.00386675687455079	-1.78	0.006801650393656			
-0.6	0.00347843165084244	-1.76	0.00668845646064899			
-0.58	0.00305787952663172	-1.74	0.00669716172519887			
-0.56	0.00262636325985035	-1.72	0.0066660327825588			
-0.54	0.00221086471345169	-1.7	0.00658694176739002			
-0.52	0.0018355174255485	-1.68	0.00653442648128563			
-0.5	0.00153594527800747	-1.66	0.00644734674573269			
-0.48	0.00123543846767892	-1.64	0.00637576491242246			
-0.46	0.000959516402831047	-1.62	0.00628224422643232			
-0.44	0.000781240733493226	-1.6	0.00620210285369373			
-0.42	0.000618588178016637	-1.58	0.00610439604398885			
-0.4	0.000450167853723189	-1.56	0.00600374914517244			
-0.38	0.000279794496019043	-1.54	0.00598645723814201			
-0.36	0.000171496977814497	-1.52	0.00592067842601369			
-0.34	0.000108236846979732	-1.5	0.00583643186281614			
-0.32	3.57152956729178E-05	-1.48	0.00574700921280592			
-0.3	9.75106604999623E-07	-1.46	0.00568579703149647			
-0.28	0	-1.44	0.00562751084755832			
		-1.42	0.00553773521019914			
		-1.4	0.00545302790485959			
		-1.38	0.00535525952878276			
		-1.36	0.00528729860034979			
		-1.34	0.00525943424016968			
		-1.32	0.00513110738618603			
		-1.3	0.00504010881274064			
		-1.28	0.00498863405432415			
		-1.26	0.00488453530282363			
		-1.24	0.00477006337216466			
		-1.22	0.00466795596605173			
		-1.2	0.00456178838900357			
		-1.18	0.00443474757226933			
		-1.16	0.0043424142706342			
		-1.14	0.004234440192612			
		-1.12	0.00410636745137684			
		-1.1	0.00398629940570833			
		-1.08	0.00385391782720001			
		-1.06	0.0036840272075947			
		-1.04	0.00352968990477062			
		-1.02	0.00338212574978447			
		-1	0.00323722166270839			
		-0.98	0.00303848517416315			
		-0.96	0.00287858286565575			
		-0.94	0.00268947776400404			
		-0.92	0.00250875112667248			
		-0.9	0.00233621236334106			
		-0.88	0.00218164132865638			
		-0.86	0.00202787791356182			
		-0.84	0.00188462424308397			
		-0.82	0.00175518976070231			
		-0.8	0.00163544298924309			
		-0.78	0.00150939968975684			
		-0.76	0.00137430217482261			
		-0.74	0.00124482431016959			
		-0.72	0.00109476808448407			
		-0.7	0.000934112600928922			
		-0.68	0.000785044333774252			
		-0.66	0.000631321459328208			
		-0.64	0.000528339110642228			
		-0.62	0.000475239535308652			
		-0.6	0.000436036981536245			
		-0.58	0.000393428738287648			
		-0.56	0.000364782736828126			
		-0.54	0.000329953418321336			
		-0.52	0.000295861125604287			
		-0.5	0.000265056507870138			
		-0.48	0.000233158672439893			
		-0.46	0.000201815772891104			
		-0.44	0.000178255890697636			
		-0.42	0.00016253852534967			
		-0.4	0.000144929522029549			
		-0.38	0.000130716099590352			
		-0.36	0.000113396985345347			
		-0.34	9.79159104013176E-05			
		-0.32	8.08919674826623E-05			
		-0.3	6.28151096201818E-05			
		-0.28	4.38678250715595E-05			
		-0.26	2.58214051594827E-05			
		-0.24	1.05918006103948E-05			
		-0.22	2.51510147660033E-06			
		-0.2	2.49670864729468E-07			
		-0.18	0			
						

